0.000000,1.010000e+002
1.000000,1.010000e+002
2.000000,1.010000e+002
3.000000,1.010000e+002
4.000000,1.010000e+002
5.000000,1.010000e+002
6.000000,1.010000e+002
7.000000,1.010000e+002
8.000000,1.010000e+002
9.000000,1.010000e+002
10.000000,1.010000e+002
11.000000,1.010000e+002
12.000000,1.010000e+002
13.000000,1.010000e+002
14.000000,1.010000e+002
15.000000,1.010000e+002
16.000000,1.010000e+002
17.000000,1.010000e+002
18.000000,1.010000e+002
19.000000,1.010000e+002
20.000000,1.010000e+002
21.000000,1.010000e+002
22.000000,1.010000e+002
23.000000,1.010000e+002
24.000000,1.010000e+002
25.000000,1.010000e+002
26.000000,1.010000e+002
27.000000,1.010000e+002
28.000000,1.010000e+002
29.000000,1.010000e+002
30.000000,1.010000e+002
31.000000,1.010000e+002
32.000000,1.010000e+002
33.000000,1.010000e+002
34.000000,1.010000e+002
35.000000,1.010000e+002
36.000000,1.010000e+002
37.000000,1.010000e+002
38.000000,1.010000e+002
39.000000,1.010000e+002
40.000000,1.010000e+002
41.000000,1.010000e+002
42.000000,1.010000e+002
43.000000,1.010000e+002
44.000000,1.010000e+002
45.000000,1.010000e+002
46.000000,1.010000e+002
47.000000,1.010000e+002
48.000000,1.010000e+002
49.000000,1.010000e+002
50.000000,1.010000e+002
51.000000,1.010000e+002
52.000000,1.010000e+002
53.000000,1.010000e+002
54.000000,1.010000e+002
55.000000,1.010000e+002
56.000000,1.010000e+002
57.000000,1.010000e+002
58.000000,1.010000e+002
59.000000,1.010000e+002
60.000000,1.010000e+002
61.000000,1.010000e+002
62.000000,1.010000e+002
63.000000,1.010000e+002
64.000000,1.010000e+002
65.000000,1.010000e+002
66.000000,1.010000e+002
67.000000,1.010000e+002
68.000000,1.010000e+002
69.000000,1.010000e+002
70.000000,1.010000e+002
71.000000,1.010000e+002
72.000000,1.010000e+002
73.000000,1.010000e+002
74.000000,1.010000e+002
75.000000,1.010000e+002
76.000000,1.010000e+002
77.000000,1.010000e+002
78.000000,1.010000e+002
79.000000,1.010000e+002
80.000000,1.010000e+002
81.000000,1.010000e+002
82.000000,1.010000e+002
83.000000,1.010000e+002
84.000000,1.010000e+002
85.000000,1.010000e+002
86.000000,1.010000e+002
87.000000,1.010000e+002
88.000000,1.010000e+002
89.000000,1.010000e+002
90.000000,1.010000e+002
91.000000,1.010000e+002
92.000000,1.010000e+002
93.000000,1.010000e+002
94.000000,1.010000e+002
95.000000,1.010000e+002
96.000000,1.010000e+002
97.000000,1.010000e+002
98.000000,1.010000e+002
99.000000,1.010000e+002
100.000000,1.010000e+002
101.000000,1.010000e+002
102.000000,1.010000e+002
103.000000,1.010000e+002
104.000000,1.010000e+002
105.000000,1.010000e+002
106.000000,1.010000e+002
107.000000,1.010000e+002
108.000000,1.010000e+002
109.000000,1.010000e+002
110.000000,1.010000e+002
111.000000,1.010000e+002
112.000000,1.010000e+002
113.000000,1.010000e+002
114.000000,1.010000e+002
115.000000,1.010000e+002
116.000000,1.010000e+002
117.000000,1.010000e+002
118.000000,1.010000e+002
119.000000,1.010000e+002
120.000000,1.010000e+002
121.000000,1.010000e+002
122.000000,1.010000e+002
123.000000,1.010000e+002
124.000000,1.010000e+002
125.000000,1.010000e+002
126.000000,1.010000e+002
127.000000,1.010000e+002
128.000000,1.010000e+002
129.000000,1.010000e+002
130.000000,1.010000e+002
131.000000,1.010000e+002
132.000000,1.010000e+002
133.000000,1.010000e+002
134.000000,1.010000e+002
135.000000,1.010000e+002
136.000000,1.010000e+002
137.000000,1.010000e+002
138.000000,1.010000e+002
139.000000,1.010000e+002
140.000000,1.010000e+002
141.000000,1.010000e+002
142.000000,1.010000e+002
143.000000,1.010000e+002
144.000000,1.010000e+002
145.000000,1.010000e+002
146.000000,1.010000e+002
147.000000,1.010000e+002
148.000000,1.010000e+002
149.000000,1.010000e+002
150.000000,1.010000e+002
151.000000,1.010000e+002
152.000000,1.010000e+002
153.000000,1.010000e+002
154.000000,1.010000e+002
155.000000,1.010000e+002
156.000000,1.010000e+002
157.000000,1.010000e+002
158.000000,1.010000e+002
159.000000,1.010000e+002
160.000000,1.010000e+002
161.000000,1.010000e+002
162.000000,1.010000e+002
163.000000,1.010000e+002
164.000000,1.010000e+002
165.000000,1.010000e+002
166.000000,1.010000e+002
167.000000,1.010000e+002
168.000000,1.010000e+002
169.000000,1.010000e+002
170.000000,1.010000e+002
171.000000,1.010000e+002
172.000000,1.010000e+002
173.000000,1.010000e+002
174.000000,1.010000e+002
175.000000,1.010000e+002
176.000000,1.010000e+002
177.000000,1.010000e+002
178.000000,1.010000e+002
179.000000,1.010000e+002
180.000000,1.010000e+002
181.000000,1.010000e+002
182.000000,1.010000e+002
183.000000,1.010000e+002
184.000000,1.010000e+002
185.000000,1.010000e+002
186.000000,1.010000e+002
187.000000,1.010000e+002
188.000000,1.010000e+002
189.000000,1.010000e+002
190.000000,1.010000e+002
191.000000,1.010000e+002
192.000000,1.010000e+002
193.000000,1.010000e+002
194.000000,1.010000e+002
195.000000,1.010000e+002
196.000000,1.010000e+002
197.000000,1.010000e+002
198.000000,1.010000e+002
199.000000,1.010000e+002
200.000000,1.010000e+002
201.000000,1.010000e+002
202.000000,1.010000e+002
203.000000,1.010000e+002
204.000000,1.010000e+002
205.000000,1.010000e+002
206.000000,1.010000e+002
207.000000,1.010000e+002
208.000000,1.010000e+002
209.000000,1.010000e+002
210.000000,1.010000e+002
211.000000,1.010000e+002
212.000000,1.010000e+002
213.000000,1.010000e+002
214.000000,1.010000e+002
215.000000,1.010000e+002
216.000000,1.010000e+002
217.000000,1.010000e+002
218.000000,1.010000e+002
219.000000,1.010000e+002
220.000000,1.010000e+002
221.000000,1.010000e+002
222.000000,1.010000e+002
223.000000,1.010000e+002
224.000000,1.010000e+002
225.000000,1.010000e+002
226.000000,1.010000e+002
227.000000,1.010000e+002
228.000000,1.010000e+002
229.000000,1.010000e+002
230.000000,1.010000e+002
231.000000,1.010000e+002
232.000000,1.010000e+002
233.000000,1.010000e+002
234.000000,1.010000e+002
235.000000,1.010000e+002
236.000000,1.010000e+002
237.000000,1.010000e+002
238.000000,1.010000e+002
239.000000,1.010000e+002
240.000000,1.010000e+002
241.000000,1.010000e+002
242.000000,1.010000e+002
243.000000,1.010000e+002
244.000000,1.010000e+002
245.000000,1.010000e+002
246.000000,1.010000e+002
247.000000,1.010000e+002
248.000000,1.010000e+002
249.000000,1.010000e+002
250.000000,1.010000e+002
251.000000,1.010000e+002
252.000000,1.010000e+002
253.000000,1.010000e+002
254.000000,1.010000e+002
255.000000,1.010000e+002
256.000000,1.010000e+002
257.000000,1.010000e+002
258.000000,1.010000e+002
259.000000,1.010000e+002
260.000000,1.010000e+002
261.000000,1.010000e+002
262.000000,1.010000e+002
263.000000,1.010000e+002
264.000000,1.010000e+002
265.000000,1.010000e+002
266.000000,1.010000e+002
267.000000,1.010000e+002
268.000000,1.010000e+002
269.000000,1.010000e+002
270.000000,1.010000e+002
271.000000,1.010000e+002
272.000000,1.010000e+002
273.000000,1.010000e+002
274.000000,1.010000e+002
275.000000,1.010000e+002
276.000000,1.010000e+002
277.000000,1.010000e+002
278.000000,1.010000e+002
279.000000,1.010000e+002
280.000000,1.010000e+002
281.000000,1.010000e+002
282.000000,1.010000e+002
283.000000,1.010000e+002
284.000000,1.010000e+002
285.000000,1.010000e+002
286.000000,1.010000e+002
287.000000,1.010000e+002
288.000000,1.010000e+002
289.000000,1.010000e+002
290.000000,1.010000e+002
291.000000,1.010000e+002
292.000000,1.010000e+002
293.000000,1.010000e+002
294.000000,1.010000e+002
295.000000,1.010000e+002
296.000000,1.010000e+002
297.000000,1.010000e+002
298.000000,1.010000e+002
299.000000,1.010000e+002
300.000000,1.010000e+002
301.000000,1.010000e+002
302.000000,1.010000e+002
303.000000,1.010000e+002
304.000000,1.010000e+002
305.000000,1.010000e+002
306.000000,1.010000e+002
307.000000,1.010000e+002
308.000000,1.010000e+002
309.000000,1.010000e+002
310.000000,1.010000e+002
311.000000,1.010000e+002
312.000000,1.010000e+002
313.000000,1.010000e+002
314.000000,1.010000e+002
315.000000,1.010000e+002
316.000000,1.010000e+002
317.000000,1.010000e+002
318.000000,1.010000e+002
319.000000,1.010000e+002
320.000000,1.010000e+002
321.000000,1.010000e+002
322.000000,1.010000e+002
323.000000,1.010000e+002
324.000000,1.010000e+002
325.000000,1.010000e+002
326.000000,1.010000e+002
327.000000,1.010000e+002
328.000000,1.010000e+002
329.000000,1.010000e+002
330.000000,1.010000e+002
331.000000,1.010000e+002
332.000000,1.010000e+002
333.000000,1.010000e+002
334.000000,1.010000e+002
335.000000,1.010000e+002
336.000000,1.010000e+002
337.000000,1.010000e+002
338.000000,1.010000e+002
339.000000,1.010000e+002
340.000000,1.010000e+002
341.000000,1.010000e+002
342.000000,1.010000e+002
343.000000,1.010000e+002
344.000000,1.010000e+002
345.000000,1.010000e+002
346.000000,1.010000e+002
347.000000,1.010000e+002
348.000000,1.010000e+002
349.000000,1.010000e+002
350.000000,1.010000e+002
351.000000,1.010000e+002
352.000000,1.010000e+002
353.000000,1.010000e+002
354.000000,1.010000e+002
355.000000,1.010000e+002
356.000000,1.010000e+002
357.000000,1.010000e+002
358.000000,1.010000e+002
359.000000,1.010000e+002
360.000000,1.010000e+002
361.000000,1.010000e+002
362.000000,1.010000e+002
363.000000,1.010000e+002
364.000000,1.010000e+002
365.000000,1.010000e+002
366.000000,1.010000e+002
367.000000,1.010000e+002
368.000000,1.010000e+002
369.000000,1.010000e+002
370.000000,1.010000e+002
371.000000,1.010000e+002
372.000000,1.010000e+002
373.000000,1.010000e+002
374.000000,1.010000e+002
375.000000,1.010000e+002
376.000000,1.010000e+002
377.000000,1.010000e+002
378.000000,1.010000e+002
379.000000,1.010000e+002
380.000000,1.010000e+002
381.000000,1.010000e+002
382.000000,1.010000e+002
383.000000,1.010000e+002
384.000000,1.010000e+002
385.000000,1.010000e+002
386.000000,1.010000e+002
387.000000,1.010000e+002
388.000000,1.010000e+002
389.000000,1.010000e+002
390.000000,1.010000e+002
391.000000,1.010000e+002
392.000000,1.010000e+002
393.000000,1.010000e+002
394.000000,1.010000e+002
395.000000,1.010000e+002
396.000000,1.010000e+002
397.000000,1.010000e+002
398.000000,1.010000e+002
399.000000,1.010000e+002
400.000000,1.010000e+002
401.000000,1.010000e+002
402.000000,1.010000e+002
403.000000,1.010000e+002
404.000000,1.010000e+002
405.000000,1.010000e+002
406.000000,1.010000e+002
407.000000,1.010000e+002
408.000000,1.010000e+002
409.000000,1.010000e+002
410.000000,1.010000e+002
411.000000,1.010000e+002
412.000000,1.010000e+002
413.000000,1.010000e+002
414.000000,1.010000e+002
415.000000,1.010000e+002
416.000000,1.010000e+002
417.000000,1.010000e+002
418.000000,1.010000e+002
419.000000,1.010000e+002
420.000000,1.010000e+002
421.000000,1.010000e+002
422.000000,1.010000e+002
423.000000,1.010000e+002
424.000000,1.010000e+002
425.000000,1.010000e+002
426.000000,1.010000e+002
427.000000,1.010000e+002
428.000000,1.010000e+002
429.000000,1.010000e+002
430.000000,1.010000e+002
431.000000,1.010000e+002
432.000000,1.010000e+002
433.000000,1.010000e+002
434.000000,1.010000e+002
435.000000,1.010000e+002
436.000000,1.010000e+002
437.000000,1.010000e+002
438.000000,1.010000e+002
439.000000,1.010000e+002
440.000000,1.010000e+002
441.000000,1.010000e+002
442.000000,1.010000e+002
443.000000,1.010000e+002
444.000000,1.010000e+002
445.000000,1.010000e+002
446.000000,1.010000e+002
447.000000,1.010000e+002
448.000000,1.010000e+002
449.000000,1.010000e+002
450.000000,1.010000e+002
451.000000,1.010000e+002
452.000000,1.010000e+002
453.000000,1.010000e+002
454.000000,1.010000e+002
455.000000,1.010000e+002
456.000000,1.010000e+002
457.000000,1.010000e+002
458.000000,1.010000e+002
459.000000,1.010000e+002
460.000000,1.010000e+002
461.000000,1.010000e+002
462.000000,1.010000e+002
463.000000,1.010000e+002
464.000000,1.010000e+002
465.000000,1.010000e+002
466.000000,1.010000e+002
467.000000,1.010000e+002
468.000000,1.010000e+002
469.000000,1.010000e+002
470.000000,1.010000e+002
471.000000,1.010000e+002
472.000000,1.010000e+002
473.000000,1.010000e+002
474.000000,1.010000e+002
475.000000,1.010000e+002
476.000000,1.010000e+002
477.000000,1.010000e+002
478.000000,1.010000e+002
479.000000,1.010000e+002
480.000000,1.010000e+002
481.000000,1.010000e+002
482.000000,1.010000e+002
483.000000,1.010000e+002
484.000000,1.010000e+002
485.000000,1.010000e+002
486.000000,1.010000e+002
487.000000,1.010000e+002
488.000000,1.010000e+002
489.000000,1.010000e+002
490.000000,1.010000e+002
491.000000,1.010000e+002
492.000000,1.010000e+002
493.000000,1.010000e+002
494.000000,1.010000e+002
495.000000,1.010000e+002
496.000000,1.010000e+002
497.000000,1.010000e+002
498.000000,1.010000e+002
499.000000,1.010000e+002
500.000000,1.010000e+002
501.000000,1.010000e+002
502.000000,1.010000e+002
503.000000,1.010000e+002
504.000000,1.010000e+002
505.000000,1.010000e+002
506.000000,1.010000e+002
507.000000,1.010000e+002
508.000000,1.010000e+002
509.000000,1.010000e+002
510.000000,1.010000e+002
511.000000,1.010000e+002
512.000000,1.010000e+002
513.000000,1.010000e+002
514.000000,1.010000e+002
515.000000,1.010000e+002
516.000000,1.010000e+002
517.000000,1.010000e+002
518.000000,1.010000e+002
519.000000,1.010000e+002
520.000000,1.010000e+002
521.000000,1.010000e+002
522.000000,1.010000e+002
523.000000,1.010000e+002
524.000000,1.010000e+002
525.000000,1.010000e+002
526.000000,1.010000e+002
527.000000,1.010000e+002
528.000000,1.010000e+002
529.000000,1.010000e+002
530.000000,1.010000e+002
531.000000,1.010000e+002
532.000000,1.010000e+002
533.000000,1.010000e+002
534.000000,1.010000e+002
535.000000,1.010000e+002
536.000000,1.010000e+002
537.000000,1.010000e+002
538.000000,1.010000e+002
539.000000,1.010000e+002
540.000000,1.010000e+002
541.000000,1.010000e+002
542.000000,1.010000e+002
543.000000,1.010000e+002
544.000000,1.010000e+002
545.000000,1.010000e+002
546.000000,1.010000e+002
547.000000,1.010000e+002
548.000000,1.010000e+002
549.000000,1.010000e+002
550.000000,1.010000e+002
551.000000,1.010000e+002
552.000000,1.010000e+002
553.000000,1.010000e+002
554.000000,1.010000e+002
555.000000,1.010000e+002
556.000000,1.010000e+002
557.000000,1.010000e+002
558.000000,1.010000e+002
559.000000,1.010000e+002
560.000000,1.010000e+002
561.000000,1.010000e+002
562.000000,1.010000e+002
563.000000,1.010000e+002
564.000000,1.010000e+002
565.000000,1.010000e+002
566.000000,1.010000e+002
567.000000,1.010000e+002
568.000000,1.010000e+002
569.000000,1.010000e+002
570.000000,1.010000e+002
571.000000,1.010000e+002
572.000000,1.010000e+002
573.000000,1.010000e+002
574.000000,1.010000e+002
575.000000,1.010000e+002
576.000000,1.010000e+002
577.000000,1.010000e+002
578.000000,1.010000e+002
579.000000,1.010000e+002
580.000000,1.010000e+002
581.000000,1.010000e+002
582.000000,1.010000e+002
583.000000,1.010000e+002
584.000000,1.010000e+002
585.000000,1.010000e+002
586.000000,1.010000e+002
587.000000,1.010000e+002
588.000000,1.010000e+002
589.000000,1.010000e+002
590.000000,1.010000e+002
591.000000,1.010000e+002
592.000000,1.010000e+002
593.000000,1.010000e+002
594.000000,1.010000e+002
595.000000,1.010000e+002
596.000000,1.010000e+002
597.000000,1.010000e+002
598.000000,1.010000e+002
599.000000,1.010000e+002
600.000000,1.010000e+002
601.000000,1.010000e+002
602.000000,1.010000e+002
603.000000,1.010000e+002
604.000000,1.010000e+002
605.000000,1.010000e+002
606.000000,1.010000e+002
607.000000,1.010000e+002
608.000000,1.010000e+002
609.000000,1.010000e+002
610.000000,1.010000e+002
611.000000,1.010000e+002
612.000000,1.010000e+002
613.000000,1.010000e+002
614.000000,1.010000e+002
615.000000,1.010000e+002
616.000000,1.010000e+002
617.000000,1.010000e+002
618.000000,1.010000e+002
619.000000,1.010000e+002
620.000000,1.010000e+002
621.000000,1.010000e+002
622.000000,1.010000e+002
623.000000,1.010000e+002
624.000000,1.010000e+002
625.000000,1.010000e+002
626.000000,1.010000e+002
627.000000,1.010000e+002
628.000000,1.010000e+002
629.000000,1.010000e+002
630.000000,1.010000e+002
631.000000,1.010000e+002
632.000000,1.010000e+002
633.000000,1.010000e+002
634.000000,1.010000e+002
635.000000,1.010000e+002
636.000000,1.010000e+002
637.000000,1.010000e+002
638.000000,1.010000e+002
639.000000,1.010000e+002
640.000000,1.010000e+002
641.000000,1.010000e+002
642.000000,1.010000e+002
643.000000,1.010000e+002
644.000000,1.010000e+002
645.000000,1.010000e+002
646.000000,1.010000e+002
647.000000,1.010000e+002
648.000000,1.010000e+002
649.000000,1.010000e+002
650.000000,1.010000e+002
651.000000,1.010000e+002
652.000000,1.010000e+002
653.000000,1.010000e+002
654.000000,1.010000e+002
655.000000,1.010000e+002
656.000000,1.010000e+002
657.000000,1.010000e+002
658.000000,1.010000e+002
659.000000,1.010000e+002
660.000000,1.010000e+002
661.000000,1.010000e+002
662.000000,1.010000e+002
663.000000,1.010000e+002
664.000000,1.010000e+002
665.000000,1.010000e+002
666.000000,1.010000e+002
667.000000,1.010000e+002
668.000000,1.010000e+002
669.000000,1.010000e+002
670.000000,1.010000e+002
671.000000,1.010000e+002
672.000000,1.010000e+002
673.000000,1.010000e+002
674.000000,1.010000e+002
675.000000,1.010000e+002
676.000000,1.010000e+002
677.000000,1.010000e+002
678.000000,1.010000e+002
679.000000,1.010000e+002
680.000000,1.010000e+002
681.000000,1.010000e+002
682.000000,1.010000e+002
683.000000,1.010000e+002
684.000000,1.010000e+002
685.000000,1.010000e+002
686.000000,1.010000e+002
687.000000,1.010000e+002
688.000000,1.010000e+002
689.000000,1.010000e+002
690.000000,1.010000e+002
691.000000,1.010000e+002
692.000000,1.010000e+002
693.000000,1.010000e+002
694.000000,1.010000e+002
695.000000,1.010000e+002
696.000000,1.010000e+002
697.000000,1.010000e+002
698.000000,1.010000e+002
699.000000,1.010000e+002
700.000000,1.010000e+002
701.000000,1.010000e+002
702.000000,1.010000e+002
703.000000,1.010000e+002
704.000000,1.010000e+002
705.000000,1.010000e+002
706.000000,1.010000e+002
707.000000,1.010000e+002
708.000000,1.010000e+002
709.000000,1.010000e+002
710.000000,1.010000e+002
711.000000,1.010000e+002
712.000000,1.010000e+002
713.000000,1.010000e+002
714.000000,1.010000e+002
715.000000,1.010000e+002
716.000000,1.010000e+002
717.000000,1.010000e+002
718.000000,1.010000e+002
719.000000,1.010000e+002
720.000000,1.010000e+002
721.000000,1.010000e+002
722.000000,1.010000e+002
723.000000,1.010000e+002
724.000000,1.010000e+002
725.000000,1.010000e+002
726.000000,1.010000e+002
727.000000,1.010000e+002
728.000000,1.010000e+002
729.000000,1.010000e+002
730.000000,1.010000e+002
731.000000,1.010000e+002
732.000000,1.010000e+002
733.000000,1.010000e+002
734.000000,1.010000e+002
735.000000,1.010000e+002
736.000000,1.010000e+002
737.000000,1.010000e+002
738.000000,1.010000e+002
739.000000,1.010000e+002
740.000000,1.010000e+002
741.000000,1.010000e+002
742.000000,1.010000e+002
743.000000,1.010000e+002
744.000000,1.010000e+002
745.000000,1.010000e+002
746.000000,1.010000e+002
747.000000,1.010000e+002
748.000000,1.010000e+002
749.000000,1.010000e+002
750.000000,1.010000e+002
751.000000,1.010000e+002
752.000000,1.010000e+002
753.000000,1.010000e+002
754.000000,1.010000e+002
755.000000,1.010000e+002
756.000000,1.010000e+002
757.000000,1.010000e+002
758.000000,1.010000e+002
759.000000,1.010000e+002
760.000000,1.010000e+002
761.000000,1.010000e+002
762.000000,1.010000e+002
763.000000,1.010000e+002
764.000000,1.010000e+002
765.000000,1.010000e+002
766.000000,1.010000e+002
767.000000,1.010000e+002
768.000000,1.010000e+002
769.000000,1.010000e+002
770.000000,1.010000e+002
771.000000,1.010000e+002
772.000000,1.010000e+002
773.000000,1.010000e+002
774.000000,1.010000e+002
775.000000,1.010000e+002
776.000000,1.010000e+002
777.000000,1.010000e+002
778.000000,1.010000e+002
779.000000,1.010000e+002
780.000000,1.010000e+002
781.000000,1.010000e+002
782.000000,1.010000e+002
783.000000,1.010000e+002
784.000000,1.010000e+002
785.000000,1.010000e+002
786.000000,1.010000e+002
787.000000,1.010000e+002
788.000000,1.010000e+002
789.000000,1.010000e+002
790.000000,1.010000e+002
791.000000,1.010000e+002
792.000000,1.010000e+002
793.000000,1.010000e+002
794.000000,1.010000e+002
795.000000,1.010000e+002
796.000000,1.010000e+002
797.000000,1.010000e+002
798.000000,1.010000e+002
799.000000,1.010000e+002
800.000000,1.010000e+002
801.000000,1.010000e+002
802.000000,1.010000e+002
803.000000,1.010000e+002
804.000000,1.010000e+002
805.000000,1.010000e+002
806.000000,1.010000e+002
807.000000,1.010000e+002
808.000000,1.010000e+002
809.000000,1.010000e+002
810.000000,1.010000e+002
811.000000,1.010000e+002
812.000000,1.010000e+002
813.000000,1.010000e+002
814.000000,1.010000e+002
815.000000,1.010000e+002
816.000000,1.010000e+002
817.000000,1.010000e+002
818.000000,1.010000e+002
819.000000,1.010000e+002
820.000000,1.010000e+002
821.000000,1.010000e+002
822.000000,1.010000e+002
823.000000,1.010000e+002
824.000000,1.010000e+002
825.000000,1.010000e+002
826.000000,1.010000e+002
827.000000,1.010000e+002
828.000000,1.010000e+002
829.000000,1.010000e+002
830.000000,1.010000e+002
831.000000,1.010000e+002
832.000000,1.010000e+002
833.000000,1.010000e+002
834.000000,1.010000e+002
835.000000,1.010000e+002
836.000000,1.010000e+002
837.000000,1.010000e+002
838.000000,1.010000e+002
839.000000,1.010000e+002
840.000000,1.010000e+002
841.000000,1.010000e+002
842.000000,1.010000e+002
843.000000,1.010000e+002
844.000000,1.010000e+002
845.000000,1.010000e+002
846.000000,1.010000e+002
847.000000,1.010000e+002
848.000000,1.010000e+002
849.000000,1.010000e+002
850.000000,1.010000e+002
851.000000,1.010000e+002
852.000000,1.010000e+002
853.000000,1.010000e+002
854.000000,1.010000e+002
855.000000,1.010000e+002
856.000000,1.010000e+002
857.000000,1.010000e+002
858.000000,1.010000e+002
859.000000,1.010000e+002
860.000000,1.010000e+002
861.000000,1.010000e+002
862.000000,1.010000e+002
863.000000,1.010000e+002
864.000000,1.010000e+002
865.000000,1.010000e+002
866.000000,1.010000e+002
867.000000,1.010000e+002
868.000000,1.010000e+002
869.000000,1.010000e+002
870.000000,1.010000e+002
871.000000,1.010000e+002
872.000000,1.010000e+002
873.000000,1.010000e+002
874.000000,1.010000e+002
875.000000,1.010000e+002
876.000000,1.010000e+002
877.000000,1.010000e+002
878.000000,1.010000e+002
879.000000,1.010000e+002
880.000000,1.010000e+002
881.000000,1.010000e+002
882.000000,1.010000e+002
883.000000,1.010000e+002
884.000000,1.010000e+002
885.000000,1.010000e+002
886.000000,1.010000e+002
887.000000,1.010000e+002
888.000000,1.010000e+002
889.000000,1.010000e+002
890.000000,1.010000e+002
891.000000,1.010000e+002
892.000000,1.010000e+002
893.000000,1.010000e+002
894.000000,1.010000e+002
895.000000,1.010000e+002
896.000000,1.010000e+002
897.000000,1.010000e+002
898.000000,1.010000e+002
899.000000,1.010000e+002
900.000000,1.010000e+002
901.000000,1.010000e+002
902.000000,1.010000e+002
903.000000,1.010000e+002
904.000000,1.010000e+002
905.000000,1.010000e+002
906.000000,1.010000e+002
907.000000,1.010000e+002
908.000000,1.010000e+002
909.000000,1.010000e+002
910.000000,1.010000e+002
911.000000,1.010000e+002
912.000000,1.010000e+002
913.000000,1.010000e+002
914.000000,1.010000e+002
915.000000,1.010000e+002
916.000000,1.010000e+002
917.000000,1.010000e+002
918.000000,1.010000e+002
919.000000,1.010000e+002
920.000000,1.010000e+002
921.000000,1.010000e+002
922.000000,1.010000e+002
923.000000,1.010000e+002
924.000000,1.010000e+002
925.000000,1.010000e+002
926.000000,1.010000e+002
927.000000,1.010000e+002
928.000000,1.010000e+002
929.000000,1.010000e+002
930.000000,1.010000e+002
931.000000,1.010000e+002
932.000000,1.010000e+002
933.000000,1.010000e+002
934.000000,1.010000e+002
935.000000,1.010000e+002
936.000000,1.010000e+002
937.000000,1.010000e+002
938.000000,1.010000e+002
939.000000,1.010000e+002
940.000000,1.010000e+002
941.000000,1.010000e+002
942.000000,1.010000e+002
943.000000,1.010000e+002
944.000000,1.010000e+002
945.000000,1.010000e+002
946.000000,1.010000e+002
947.000000,1.010000e+002
948.000000,1.010000e+002
949.000000,1.010000e+002
950.000000,1.010000e+002
951.000000,1.010000e+002
952.000000,1.010000e+002
953.000000,1.010000e+002
954.000000,1.010000e+002
955.000000,1.010000e+002
956.000000,1.010000e+002
957.000000,1.010000e+002
958.000000,1.010000e+002
959.000000,1.010000e+002
960.000000,1.010000e+002
961.000000,1.010000e+002
962.000000,1.010000e+002
963.000000,1.010000e+002
964.000000,1.010000e+002
965.000000,1.010000e+002
966.000000,1.010000e+002
967.000000,1.010000e+002
968.000000,1.010000e+002
969.000000,1.010000e+002
970.000000,1.010000e+002
971.000000,1.010000e+002
972.000000,1.010000e+002
973.000000,1.010000e+002
974.000000,1.010000e+002
975.000000,1.010000e+002
976.000000,1.010000e+002
977.000000,1.010000e+002
978.000000,1.010000e+002
979.000000,1.010000e+002
980.000000,1.010000e+002
981.000000,1.010000e+002
982.000000,1.010000e+002
983.000000,1.010000e+002
984.000000,1.010000e+002
985.000000,1.010000e+002
986.000000,1.010000e+002
987.000000,1.010000e+002
988.000000,1.010000e+002
989.000000,1.010000e+002
990.000000,1.010000e+002
991.000000,1.010000e+002
992.000000,1.010000e+002
993.000000,1.010000e+002
994.000000,1.010000e+002
995.000000,1.010000e+002
996.000000,1.010000e+002
997.000000,1.010000e+002
998.000000,1.010000e+002
999.000000,1.010000e+002
1000.000000,1.010000e+002
