N	eps_F	eps_C	eps_E
8.00000000000000000000	0.78439058001444772472	1.18920062382698210612	0.33073484084055149168
6.00000000000000000000	1.04230685556039071038	0.95295999731337754923	0.12901779058082579743
4.50000000000000000000	1.04446379454361970573	0.65418969027203499600	0.04591591764372728729
3.37500000000000000000	0.69319099217577306860	0.41143830999385189173	0.01552018575814741001
2.53125000000000000000	0.31203762286005087834	0.24638381013201565706	0.00509642079108136702
1.89843750000000000000	0.05420700724749073773	0.14354745237885510600	0.00164654988720814438
1.42382812500000000000	0.07968394551926710756	0.08235535363757945371	0.00052712932938262251
1.06787109375000000000	0.13195907677073370756	0.04684181806373804990	0.00016789158035219239
0.80090332031250000000	0.14014234510029607850	0.02651343991232216549	0.00005331953040817154
0.60067749023437500000	0.12805618837832855039	0.01496623369234151811	0.00001690589866455032
0.45050811767578125000	0.10871959413622810098	0.00843513702211181639	0.00000535541863211853
0.33788108825683593750	0.08852844369115785150	0.00475003432447555773	0.00000169560781876207
0.25341081619262695312	0.07025363687694433090	0.00267356306696805209	0.00000053670032916194
0.19005811214447021484	0.05482451943237788561	0.00150440747644334564	0.00000016985084096086
0.14254358410835266113	0.04230264993404395796	0.00084639639118585706	0.00000005374818697369
0.10690768808126449585	0.03238585376991028747	0.00047615087641401119	0.00000001700738748436
0.08018076606094837189	0.02465680266342980959	0.00026785160927325321	0.00000000538144262320
0.06013557454571127892	0.01869788120715220811	0.00015067182751116385	0.00000000170275927888
0.04510168090928345919	0.01413828133982431880	0.00008475457911552159	0.00000000053876910920
0.03382626068196259439	0.01066806890581445746	0.00004767498110233116	0.00000000017046871622
0.02536969551147194579	0.00803714344801751031	0.00002681734467639332	0.00000000005393996426
0.01902727163360395934	0.00604811259612566057	0.00001508480947493326	0.00000000001705831068
0.01427045372520296951	0.00454745810280480448	0.00000848522212981499	0.00000000000541026443
0.01070284029390222713	0.00341698287146949449	0.00000477294275887805	0.00000000000170873371
0.00802713022042667035	0.00256632758106768982	0.00000268478198318417	0.00000000000054688451
0.00602034766532000276	0.00192676379942408656	0.00000151019040511127	0.00000000000014618770
0.00451526074899000207	0.00144620740367812904	0.00000084948226949675	0.00000000000001781168
0.00338644556174250155	0.00108529347122771091	0.00000047783381091239	0.00000000000002256146
0.00253983417130687616	0.00081432881926780953	0.00000026878159431311	0.00000000000008562800
0.00190487562848015712	0.00061094834431275587	0.00000015118966496739	0.00000000000017231150
0.00142865672136011784	0.00045832471116022730	0.00000008504414086050	0.00000000000019645622
0.00107149254102008838	0.00034380734200235933	0.00000004783742928454	0.00000000000022785755
0.00080361940576506629	0.00025789139521822300	0.00000002690836625725	0.00000000000017587384
0.00060271455432379971	0.00019343873224204780	0.00000001513595741330	0.00000000000011386281
0.00045203591574284976	0.00014509040338077245	0.00000000851370601663	0.00000000000082158017
0.00033902693680713732	0.00010882418876481713	0.00000000478884728060	0.00000000000025556461
0.00025427020260535298	0.00008162173373220890	0.00000000269406034167	0.00000000000041494614
0.00019070265195401473	0.00006121832101982498	0.00000000151573427745	0.00000000000093715818
0.00014302698896551106	0.00004591487733953341	0.00000000085313006567	0.00000000000119615318
0.00010727024172413330	0.00003443679732856895	0.00000000047970861715	0.00000000000347050664
0.00008045268129309997	0.00002582795883639806	0.00000000027063157002	0.00000000000348528374
0.00006033951096982498	0.00001937116891044262	0.00000000015084407249	0.00000000000036731640
0.00004525463322736874	0.00001452849515170453	0.00000000008212780343	0.00000000000404364688
0.00003394097492052656	0.00001089643395282997	0.00000000004839644209	0.00000000000584632071
0.00002545573119039492	0.00000817236545880095	0.00000000002016361194	0.00000000000403757772
0.00001909179839279619	0.00000612929400376429	0.00000000001159936100	0.00000000000574486011
0.00001431884879459714	0.00000459698263785396	0.00000000000758051852	0.00000000000366920582
0.00001073913659594786	0.00000344774450606768	0.00000000000402438388	0.00000000000307033760
0.00000805435244696089	0.00000258581949034401	0.00000000000784742983	0.00000000002807133760
0.00000604076433522067	0.00000193934637896183	0.00000000002282969040	0.00000000001135448340
0.00000453057325141550	0.00000145453113227696	0.00000000002660827312	0.00000000001307390412
0.00000339792993856163	0.00000109086388004706	0.00000000001873801795	0.00000000003233835613
0.00000254844745392122	0.00000081818786245528	0.00000000000469581820	0.00000000006338978548
0.00000191133559044091	0.00000061361181861626	0.00000000006172604275	0.00000000007093903462
0.00000143350169283069	0.00000046031065275838	0.00000000005717667613	0.00000000023679742869
0.00000107512626962301	0.00000034512577071742	0.00000000000929954343	0.00000000033559129006
0.00000080634470221726	0.00000025875500322794	0.00000000015017118685	0.00000000007688061482
0.00000060475852666295	0.00000019399055961421	0.00000000013446854283	0.00000000032508055248
0.00000045356889499721	0.00000014538086132723	0.00000000011338400113	0.00000000033071471630
0.00000034017667124791	0.00000010917204971117	0.00000000010216317129	0.00000000022159958084
0.00000025513250343593	0.00000008157909910285	0.00000000014288000915	0.00000000069241673992
0.00000019134937757695	0.00000006219876444279	0.00000000033865278779	0.00000000084869640900
0.00000014351203318271	0.00000004578169676012	0.00000000093490862827	0.00000000053927522476
0.00000010763402488703	0.00000003339226444993	0.00000000055859271599	0.00000000286584131682
0.00000008072551866527	0.00000002627086213119	0.00000000007007140796	0.00000000090355004641
0.00000006054413899896	0.00000001949967092840	0.00000000036668005797	0.00000000635680540005
0.00000004540810424922	0.00000001192422239951	0.00000000067858854419	0.00000000439951314219
0.00000003405607818691	0.00000001247753744912	0.00000000450601946044	0.00000000329534751960
0.00000002554205864018	0.00000000804975704087	0.00000000184758564273	0.00000000662375483429
0.00000001915654398014	0.00000000386789443245	0.00000000299594269990	0.00000000327713144981
0.00000001436740798510	0.00000000170792229082	0.00000000329170430564	0.00000001537954716075
0.00000001077555598883	0.00000000310188287065	0.00000000128045057757	0.00000002402314688949
0.00000000808166699162	0.00000000681068022226	0.00000000559901188293	0.00000003627335309149
0.00000000606125024372	0.00000000370179445923	0.00000000233069602664	0.00000001444737968387
0.00000000454593768279	0.00000001406829042724	0.00000002369891654781	0.00000007862788231984
0.00000000340945326209	0.00000002789028505125	0.00000003686560631792	0.00000000721240469214
0.00000000255708994657	0.00000000762180533586	0.00000002215736562741	0.00000001808566521728
0.00000000191781745993	0.00000001499521546529	0.00000002228464590446	0.00000006147513227414
0.00000000143836309494	0.00000011655456160842	0.00000002482642892722	0.00000014799988370522
0.00000000107877232121	0.00000011494550772414	0.00000000870569783767	0.00000012774524511551
0.00000000080907924091	0.00000002483638196135	0.00000020614276925836	0.00000026485302090074
0.00000000060680943068	0.00000016928964879528	0.00000012935761658988	0.00000008226824509081
0.00000000045510707301	0.00000000673493915906	0.00000007638037329780	0.00000024209498345591
0.00000000034133030476	0.00000004816359173158	0.00000026873257050412	0.00000099676957456530
0.00000000025599772857	0.00000010340179516159	0.00000002387891464408	0.00000025998757020782
0.00000000019199829643	0.00000034884899790369	0.00000010144511866006	0.00000139618051188562
0.00000000014399872232	0.00000046919649844236	0.00000056381802235758	0.00000211535304097884
0.00000000010799904174	0.00000149423199593996	0.00000146559928515605	0.00000216391928840125
0.00000000008099928130	0.00000166881199671828	0.00000082573773314965	0.00000041501306990535
0.00000000006074946098	0.00000135862429585557	0.00000057037203813665	0.00000176516910775983
0.00000000004556209573	0.00000311688483555250	0.00000034976310156764	0.00000261775659223053
0.00000000003417157180	0.00000033035215351358	0.00000101470929167879	0.00000828686797120818
0.00000000002562867885	0.00000408246311158598	0.00000323996973792051	0.00000079201868996860
0.00000000001922150914	0.00000032993320211580	0.00000119840156363136	0.00001427415455904299
0.00000000001441613185	0.00000522703838020625	0.00000831945843238552	0.00001355095131460819
0.00000000001081209889	0.00000653491160076192	0.00000257551279200767	0.00000698179311117109
0.00000000000810907417	0.00000827874256137087	0.00000018221403627248	0.00001258632067265789
0.00000000000608180563	0.00000518036408903346	0.00000756373214463702	0.00003787209028548226
0.00000000000456135422	0.00002064475288742813	0.00000150719012929172	0.00002966035748327192
0.00000000000342101566	0.00002615298128282658	0.00003002153257449658	0.00000751602389738907
0.00000000000256576175	0.00000506972873246774	0.00000507419957175169	0.00003332989425375609
0.00000000000192432131	0.00002955911340067559	0.00001670344188657014	0.00003552272363949146
0.00000000000144324098	0.00007491553652559329	0.00003483083854071190	0.00001742508548434253
0.00000000000108243074	0.00006185155551946162	0.00003920830666080497	0.00007934955285810881
0.00000000000081182305	0.00007745789721513987	0.00000952916378262832	0.00011426619153844081
0.00000000000060886729	0.00004650905838490557	0.00002141967504760597	0.00047540651655536071
0.00000000000045665047	0.00013921924392874737	0.00017693504812186530	0.00066619122162991679
0.00000000000034248785	0.00009468696589715069	0.00026868233709860561	0.00053815457699867919
0.00000000000025686589	0.00036390840165848590	0.00036442681703547372	0.00054968747413219074
0.00000000000019264942	0.00029050639040805533	0.00056204367120674256	0.00108371627963771747
0.00000000000014448706	0.00042092454251570010	0.00067726317933505809	0.00142904571145789812
0.00000000000010836530	0.00029043207807066601	0.00015068595663665407	0.00077673201390711063
0.00000000000008127397	0.00069524676498168244	0.00073012402199366141	0.00267093697995540941
0.00000000000006095548	0.00123727033945062533	0.00005213128341372440	0.00493919172006796522
0.00000000000004571661	0.00020645363220986169	0.00119569946745663215	0.00814999622963281933
0.00000000000003428746	0.00116796864411120049	0.00275940496406185554	0.00529986405015516436
0.00000000000002571559	0.00341281264046951931	0.00141365296582065376	0.00151911594703091064
0.00000000000001928669	0.00267962041225659536	0.00273831942446925566	0.00520567550301111268
0.00000000000001446502	0.00057826942791201937	0.00576381551043368516	0.01353560026636744726
0.00000000000001084877	0.00419907826206847128	0.00514183897390334699	0.00952033207116316851
0.00000000000000813657	0.01462274220880024900	0.00058464408684400686	0.00525334670950246708
0.00000000000000610243	0.01472028748097405949	0.00084065001236197675	0.01272073254911053677
0.00000000000000457682	0.02543129478925733322	0.01288337898447446637	0.02328079719199217107
0.00000000000000343262	0.01712492504024866122	0.00678538325646171631	0.02790552998845911153
0.00000000000000257446	0.05425566566238487071	0.05926043976949328662	0.03836602047983452696
0.00000000000000193085	0.06401497517124640768	0.03347802443522526761	0.05812375648267466971
0.00000000000000144814	0.05425010480226609422	0.04686857560179974458	0.16328745001580111107
0.00000000000000108610	0.04123027764362551667	0.05509864857793352055	0.26088507388868614756
