N	eps_F	eps_C	eps_E
8.00000000000000000000	371.49474836905710617430	5.82247929916836426401	0.85625282784951350923
6.00000000000000000000	66.07146558055687535216	2.33929164242535447826	0.22040436518534903265
4.50000000000000000000	18.78158473308392828471	1.08496369148747029421	0.06206085625122136767
3.37500000000000000000	7.36275074987046362907	0.54695334079558366458	0.01838690056305723047
2.53125000000000000000	3.57055124176160898486	0.28918317412454258575	0.00560625530295642219
1.89843750000000000000	1.98954055079257186023	0.15708158924616377750	0.00173726813641080793
1.42382812500000000000	1.21444439224423383905	0.08663685340606366858	0.00054327403220449412
1.06787109375000000000	0.78783707454235563095	0.04819643268769820132	0.00017076492837828010
0.80090332031250000000	0.53270960671112788098	0.02694204056647047166	0.00005383092628362871
0.60067749023437500000	0.37070840796840143216	0.01510184482509456007	0.00001699692139926016
0.45050811767578125000	0.26326086654137148546	0.00847804514856320343	0.00000537162418135819
0.33788108825683593750	0.18969009013660126373	0.00476361071138268859	0.00000169849752811013
0.25341081619262695312	0.13812217316946109880	0.00267785871528172618	0.00000053722010711971
0.19005811214447021484	0.10134668509107550016	0.00150576664178077844	0.00000016994882042631
0.14254358410835266113	0.07478244046361916253	0.00084682643503166061	0.00000005377109773998
0.10690768808126449585	0.05541073938585906744	0.00047628694042159940	0.00000001701693347464
0.08018076606094837189	0.04118370292251351955	0.00026789465622521362	0.00000000538861217475
0.06013557454571127892	0.03067967304788132843	0.00015068544328612166	0.00000000170950443926
0.04510168090928345919	0.02289372479839981572	0.00008475888268230807	0.00000000054544494978
0.03382626068196259439	0.01710545664757027670	0.00004767633823022082	0.00000000017712878671
0.02536969551147194579	0.01279280181074280397	0.00002681776953069415	0.00000000006059457496
0.01902727163360395934	0.00957426344081767182	0.00001508493935154766	0.00000000002370909514
0.01427045372520296951	0.00716928926549941989	0.00000848525867562255	0.00000000001205386054
0.01070284029390222713	0.00537056313229064986	0.00000477294977697539	0.00000000000834337180
0.00802713022042667035	0.00402432582586761088	0.00000268477964522495	0.00000000000719356466
0.00602034766532000276	0.00301622369314535161	0.00000151018511332151	0.00000000000685211866
0.00451526074899000207	0.00226103213687521348	0.00000084947604709274	0.00000000000666505853
0.00338644556174250155	0.00169513572903443543	0.00000047782733025182	0.00000000000661686400
0.00253983417130687616	0.00127099288823970692	0.00000026877487395355	0.00000000000662764651
0.00190487562848015712	0.00095304285412717770	0.00000015118294010853	0.00000000000657749152
0.00142865672136011784	0.00071466865220698754	0.00000008503754766225	0.00000000000698739009
0.00107149254102008838	0.00053593766438384796	0.00000004783063989167	0.00000000000675867028
0.00080361940576506629	0.00040191735187917641	0.00000002690184148035	0.00000000000619961373
0.00060271455432379971	0.00030141782356970647	0.00000001512947195622	0.00000000000610926940
0.00045203591574284976	0.00022605201143730423	0.00000000850740670270	0.00000000000746443426
0.00033902693680713732	0.00016953261992598410	0.00000000478269272791	0.00000000000786600089
0.00025427020260535298	0.00012714587106289868	0.00000000268682335554	0.00000000000658092232
0.00019070265195401473	0.00009535738138467780	0.00000000150845891250	0.00000000000501043410
0.00014302698896551106	0.00007151689711385526	0.00000000084567351365	0.00000000000719977277
0.00010727024172413330	0.00005363703328412656	0.00000000047254149169	0.00000000001075342507
0.00008045268129309997	0.00004022741437255595	0.00000000026338441699	0.00000000001007657782
0.00006033951096982498	0.00003017035299527375	0.00000000014492977572	0.00000000000052785264
0.00004525463322736874	0.00002262765274134500	0.00000000008175393437	0.00000000000488708878
0.00003394097492052656	0.00001697067515843605	0.00000000003843342280	0.00000000001932731376
0.00002545573119039492	0.00001272796984880879	0.00000000002720213670	0.00000000000702643583
0.00001909179839279619	0.00000954595905050729	0.00000000001008785044	0.00000000001273136129
0.00001431884879459714	0.00000715945398235945	0.00000000001008785044	0.00000000000512495738
0.00001073913659594786	0.00000536958825487270	0.00000000000628456680	0.00000000001399895913
0.00000805435244696089	0.00000402718895909427	0.00000000001906984061	0.00000000000797496954
0.00000604076433522067	0.00000302036497801357	0.00000000002825865883	0.00000000000780114249
0.00000453057325141550	0.00000226529206683217	0.00000000001681597029	0.00000000006489565092
0.00000339792993856163	0.00000169896184124341	0.00000000001924366766	0.00000000001924366766
0.00000254844745392122	0.00000127422619180863	0.00000000001280928939	0.00000000007266558949
0.00000191133559044091	0.00000095570383673237	0.00000000007691553024	0.00000000019088219879
0.00000143350169283069	0.00000071674440297610	0.00000000000855934864	0.00000000014339604605
0.00000107512626962301	0.00000053743697825999	0.00000000002942937750	0.00000000017317781542
0.00000080634470221726	0.00000040310836524014	0.00000000028268853203	0.00000000001254544476
0.00000060475852666295	0.00000030234502129744	0.00000000005499012285	0.00000000030520044235
0.00000045356889499721	0.00000022670497777282	0.00000000021515280105	0.00000000074535569956
0.00000034017667124791	0.00000017027510409706	0.00000000026510128588	0.00000000037523771453
0.00000025513250343593	0.00000012721230680975	0.00000000021515280105	0.00000000021515280105
0.00000019134937757695	0.00000009583569611651	0.00000000021173981143	0.00000000021173981143
0.00000014351203318271	0.00000007136051672689	0.00000000035745050192	0.00000000035745050192
0.00000010763402488703	0.00000005276696975833	0.00000000035745050192	0.00000000369012435171
0.00000008072551866527	0.00000004011829819778	0.00000000035745050192	0.00000000035745050192
0.00000006054413899896	0.00000003202314832714	0.00000000035745066529	0.00000000755313931212
0.00000004540810424922	0.00000002122961527521	0.00000000035745066529	0.00000000995170219440
0.00000003405607818691	0.00000001643248967402	0.00000000204111238036	0.00000001075122299179
0.00000002554205864018	0.00000001163536390947	0.00000000523919622340	0.00000002034547452090
0.00000001915654398014	0.00000000310714027358	0.00000000542108319894	0.00000001679204799233
0.00000001436740798510	0.00000000879262275196	0.00000000257834204143	0.00000001258294434976
0.00000001077555598883	0.00000000121197955637	0.00000000121197955637	0.00000003921811748681
0.00000000808166699162	0.00000000121197955637	0.00000000121197955637	0.00000005269481650121
0.00000000606125024372	0.00000001226471962140	0.00000001226471962140	0.00000004820258355087
0.00000000454593768279	0.00000000328025355735	0.00000000328025355735	0.00000014047120265064
0.00000000340945326209	0.00000003921811748681	0.00000000869903452806	0.00000011908003767497
0.00000000255708994657	0.00000002324573364523	0.00000002324573364523	0.00000010843178172613
0.00000000191781745993	0.00000004064380253797	0.00000004064380253797	0.00000018651899239888
0.00000000143836309494	0.00000007293759501214	0.00000004064380253797	0.00000019208566572029
0.00000000107877232121	0.00000000278333674239	0.00000000278333674239	0.00000000278333674239
0.00000000080907924091	0.00000010374457886394	0.00000009817790554252	0.00000017105207361164
0.00000000060680943068	0.00000010374457886394	0.00000016548540029022	0.00000055246121067863
0.00000000045510707301	0.00000016548540029022	0.00000016548540029022	0.00000079177674761379
0.00000000034133030476	0.00000007383013664494	0.00000055246121067863	0.00000008571355469963
0.00000000025599772857	0.00000007383013664494	0.00000007383013664494	0.00000077706955041715
0.00000000019199829643	0.00000056434462856994	0.00000028655505849215	0.00000142108797468385
0.00000000014399872232	0.00000113745474555424	0.00000000292182936254	0.00000000292182936254
0.00000000010799904174	0.00000150978872539636	0.00000150978872539636	0.00000150978872539636
0.00000000008099928130	0.00000150978872539636	0.00000150978872539636	0.00000386873769170568
0.00000000006074946098	0.00000016515712103916	0.00000016515712103916	0.00001059189571332830
0.00000000004556209573	0.00000285442032959019	0.00000073126394847784	0.00000404964842217062
0.00000000003417157180	0.00000046396414410259	0.00000046396414410259	0.00001865968533914474
0.00000000002562867885	0.00000524487651491442	0.00000112967331283469	0.00000112967331283469
0.00000000001922150914	0.00000312002657227692	0.00000537937319794631	0.00001728569285609122
0.00000000001441613185	0.00000595315982907246	0.00001728569285609122	0.00001728569285609122
0.00000000001081209889	0.00000217564882012066	0.00000217564882012066	0.00001797107656139125
0.00000000000810907417	0.00000286103252542069	0.00000286103252542069	0.00000286103252542069
0.00000000000608180563	0.00000286103252542069	0.00002400126798309849	0.00004763153337300711
0.00000000000456135422	0.00002972333303393987	0.00000609306764419462	0.00008941733416405508
0.00000000000342101566	0.00000609306764419462	0.00005384826854831947	0.00000982533265718033
0.00000000000256576175	0.00000609306764419462	0.00000609306764419462	0.00024860133717780460
0.00000000000192432131	0.00006976666884969442	0.00006976666884969442	0.00015662835765867673
0.00000000000144324098	0.00001316791222260164	0.00001316791222260164	0.00028869212312194765
0.00000000000108243074	0.00006229709661357653	0.00008863292105877981	0.00011260710250441644
0.00000000000081182305	0.00003832291516793990	0.00016291710839509298	0.00037372295443966136
0.00000000000060886729	0.00002875709268640439	0.00023956293873097278	0.00047595714504869966
0.00000000000045665047	0.00029707712410394492	0.00006068291778589130	0.00041633047140050253
0.00000000000034248785	0.00017993626508261228	0.00017993626508261228	0.00109209943941471015
0.00000000000025686589	0.00045608158716596727	0.00017993626508261228	0.00017993626508261228
0.00000000000019264942	0.00066808753791554830	0.00066808753791554830	0.00066808753791554830
0.00000000000014448706	0.00066808753791554830	0.00046261086608216249	0.00255258487791156950
0.00000000000010836530	0.00046261086608199916	0.00104498700591478520	0.00104498700591478520
0.00000000000008127397	0.00096514349008098167	0.00104498700591478520	0.00104498700591478520
0.00000000000006095548	0.00238507400324529644	0.00029509999141588944	0.00327846533479891596
0.00000000000004571661	0.00059829134013789369	0.00059829134013789369	0.00893121619643486714
0.00000000000003428746	0.00416646242814856793	0.00059829134013789369	0.00059829134013789369
0.00000000000002571559	0.00377479385232886832	0.00377479385232886832	0.01316655287935605823
0.00000000000001928669	0.00046054283059248567	0.00893121619643486714	0.00236301495802158706
0.00000000000001446502	0.00610765840782095774	0.00518657274663565995	0.00987240212597305378
0.00000000000001084877	0.00895131646478791905	0.00610765840782095774	0.04626492473477768902
0.00000000000000813657	0.00393165817391834867	0.01614697498955993543	0.04291848587419786615
0.00000000000000610243	0.00945409726840045449	0.00945409726840045449	0.09763194627015078786
0.00000000000000457682	0.03516508753932921089	0.00053026030685458575	0.00053026030685458575
0.00000000000000343262	0.04812405743509965556	0.00053026030685458575	0.06398865647784794664
0.00000000000000257446	0.01533433873589387826	0.01533433873589387826	0.01533433873589387826
0.00000000000000193085	0.01533433873589387826	0.06927685615876383318	0.04353807036744650194
0.00000000000000144814	0.12814926526210437818	0.01533433873589387826	0.16575424077084127683
0.00000000000000108610	0.05293931424463076824	0.09748058779031645860	0.49860032655017583192
