N	eps_F	eps_C	eps_E
8.00000000000000000000	1.12017237026928140331	1.18920062382698210612	0.33073484084055160270
6.00000000000000000000	1.05787396402440969645	0.95295999731337766026	0.12901779058082571416
4.50000000000000000000	1.67543626718183258362	0.65418969027203499600	0.04591591764372746076
3.37500000000000000000	2.06400894205425666783	0.41143830999385189173	0.01552018575814733369
2.53125000000000000000	1.99764919983783584279	0.24638381013201554603	0.00509642079108143554
1.89843750000000000000	1.68697673707671969012	0.14354745237885510600	0.00164654988720804984
1.42382812500000000000	1.32613264106380723817	0.08235535363757942595	0.00052712932938250433
1.06787109375000000000	1.00559176571929964616	0.04684181806373800133	0.00016789158035165043
0.80090332031250000000	0.74980034359074976269	0.02651343991232203712	0.00005331953040863281
0.60067749023437500000	0.55532909003671437898	0.01496623369234127178	0.00001690589866428294
0.45050811767578125000	0.41063849904211230379	0.00843513702211187884	0.00000535541863310462
0.33788108825683593750	0.30389075995480868686	0.00475003432447605387	0.00000169560781889897
0.25341081619262695312	0.22529015133833454887	0.00267356306696754469	0.00000053670032973908
0.19005811214447021484	0.16735332078955161839	0.00150440747644384979	0.00000016985084064860
0.14254358410835266113	0.12455042622473339042	0.00084639639118459840	0.00000005374818455999
0.10690768808126449585	0.09284671393492281710	0.00047615087641449306	0.00000001700738689809
0.08018076606094837189	0.06930677461251710803	0.00026785160927377872	0.00000000538144797207
0.06013557454571127892	0.05179132309022087266	0.00015067182751328775	0.00000000170275829709
0.04510168090928345919	0.03873559284485962595	0.00008475457912075586	0.00000000053876833147
0.03382626068196259439	0.02899027784949658598	0.00004767498109996532	0.00000000017048319941
0.02536969551147194579	0.02170785745962824920	0.00002681734467769826	0.00000000005392555121
0.01902727163360395934	0.01626116157811900720	0.00001508480947648561	0.00000000001705636653
0.01427045372520296951	0.01218471837993816663	0.00000848522212543021	0.00000000000539889154
0.01070284029390222713	0.00913224266333173204	0.00000477294277161285	0.00000000000174394019
0.00802713022042667035	0.00684563087744966166	0.00000268478197157466	0.00000000000526975139
0.00602034766532000276	0.00513222162615971107	0.00000151018921683174	0.00000000000530899772
0.00451526074899000207	0.00384803866268420246	0.00000084947950238098	0.00000000000573807629
0.00338644556174250155	0.00288539402895566632	0.00000047783311986345	0.00000000001046429892
0.00253983417130687616	0.00216368805359184362	0.00000026878370107841	0.00000000001287235714
0.00190487562848015712	0.00162256483240727219	0.00000015119543706516	0.00000000001376449854
0.00142865672136011784	0.00121681039509400550	0.00000008503514801512	0.00000000000909637801
0.00107149254102008838	0.00091254408470683535	0.00000004782834230246	0.00000000000923275352
0.00080361940576506629	0.00068437221956604182	0.00000002691732485117	0.00000000000843313699
0.00060271455432379971	0.00051325899755062126	0.00000001512106190358	0.00000000004811490211
0.00045203591574284976	0.00038493289548865897	0.00000000851464306499	0.00000000008276370933
0.00033902693680713732	0.00028869326705692412	0.00000000476855604332	0.00000000009066318396
0.00025427020260535298	0.00021651638240614601	0.00000000264582739246	0.00000000004794892741
0.00019070265195401473	0.00016238528696432464	0.00000000146765963597	0.00000000015238844958
0.00014302698896551106	0.00012178780972714799	0.00000000075330476690	0.00000000016669603837
0.00010727024172413330	0.00009134018461483040	0.00000000044722594206	0.00000000032186461891
0.00008045268129309997	0.00006850486055748911	0.00000000032595259539	0.00000000006069543320
0.00006033951096982498	0.00005137845733419993	0.00000000002560395371	0.00000000018064010530
0.00004525463322736874	0.00003853382024830375	0.00000000022390731849	0.00000000013346952686
0.00003394097492052656	0.00002890033516645923	0.00000000023474127835	0.00000000082467235108
0.00002545573119039492	0.00002167511086498672	0.00000000002580566669	0.00000000000864690889
0.00001909179839279619	0.00001625630227667934	0.00000000076366272800	0.00000000073303831382
0.00001431884879459714	0.00001219196304201614	0.00000000024694315912	0.00000000022652673683
0.00001073913659594786	0.00000914390416561777	0.00000000024183894392	0.00000000029628259052
0.00000805435244696089	0.00000685785915750683	0.00000000150035029259	0.00000000318178358200
0.00000604076433522067	0.00000514390783261074	0.00000000031166890520	0.00000000031166890520
0.00000453057325141550	0.00000385800274243292	0.00000000036006313592	0.00000000802825586498
0.00000339792993856163	0.00000289149096013378	0.00000000242487999258	0.00000000875954519579
0.00000254844745392122	0.00000216957933050257	0.00000000522098618005	0.00000000969158059161
0.00000191133559044091	0.00000162891274512941	0.00000000596343878907	0.00000001407293301865
0.00000143350169283069	0.00000121958190145910	0.00000000095434594676	0.00000002514901904690
0.00000107512626962301	0.00000092092269779281	0.00000000758215359572	0.00000002749424324469
0.00000080634470221726	0.00000068775982782825	0.00000000118694577882	0.00000000118694577882
0.00000060475852666295	0.00000051618458486144	0.00000000100567247019	0.00000006135236630849
0.00000045356889499721	0.00000037164928586881	0.00000001458383733411	0.00000006920474183654
0.00000034017667124791	0.00000029575616921324	0.00000003553098201714	0.00000007618712339756
0.00000025513250343593	0.00000020981916491316	0.00000000760145577310	0.00000014135601840551
0.00000019134937757695	0.00000019234530755924	0.00000004484082409849	0.00000004331305509321
0.00000014351203318271	0.00000007623486622693	0.00000004445888190199	0.00000022035440518558
0.00000010763402488703	0.00000011239206506864	0.00000011168071616136	0.00000011168071616136
0.00000008072551866527	0.00000013412033490320	0.00000011032269936522	0.00000035683509933705
0.00000006054413899896	0.00000005716604642654	0.00000022892283808404	0.00000021926582912251
0.00000004540810424922	0.00000012355798155708	0.00000022892283808404	0.00000023536084391222
0.00000003405607818691	0.00000021690906628497	0.00000022731333651736	0.00000022731333651736
0.00000002554205864018	0.00000021014532097554	0.00000033064716924952	0.00000115724751330710
0.00000001915654398014	0.00000002988115756719	0.00000005277184510245	0.00000193108773156663
0.00000001436740798510	0.00000045082327826151	0.00000045082327826151	0.00000045082327826151
0.00000001077555598883	0.00000046099691711735	0.00000046099691711735	0.00000303873484885229
0.00000000808166699162	0.00000044106572810025	0.00000132236500669235	0.00000135853794506569
0.00000000606125024372	0.00000101983273834643	0.00000133140824145013	0.00000498679828873330
0.00000000454593768279	0.00000024814339120536	0.00000024814339120536	0.00000031245083676390
0.00000000340945326209	0.00000026422025248537	0.00000398007115700977	0.00000708080948607641
0.00000000255708994657	0.00000112910773549350	0.00000435846095567723	0.00000424413660794451
0.00000000191781745993	0.00000298687838620507	0.00000298687838620507	0.00001667690942382337
0.00000000143836309494	0.00000192906856630204	0.00000192906856630204	0.00000172582528154131
0.00000000107877232121	0.00000208150103009184	0.00000187825774511186	0.00000214924879167875
0.00000000080907924091	0.00000194600550691802	0.00000194600550691802	0.00004502577588215064
0.00000000060680943068	0.00000979693984051358	0.00000979693984051358	0.00000979693984051358
0.00000000045510707301	0.00000979693984051358	0.00002151758108545911	0.00006134545890320454
0.00000000034133030476	0.00000080182108834801	0.00004095087347961557	0.00006867671430906408
0.00000000025599772857	0.00001311574376771294	0.00001311574376771294	0.00013305437328393302
0.00000000019199829643	0.00002399776251497009	0.00005022925005017671	0.00014770945012369425
0.00000000014399872232	0.00000001672768621012	0.00009746347238708817	0.00016442465399702863
0.00000000010799904174	0.00003300651104837577	0.00003300651104837577	0.00003571336506810649
0.00000000008099928130	0.00003368322455336327	0.00003368322455336327	0.00003007408586097365
0.00000000006074946098	0.00003458550922667992	0.00020000850579443154	0.00042076334933824106
0.00000000004556209573	0.00004240944954941453	0.00004240944954941453	0.00078528635729414897
0.00000000003417157180	0.00016451450216147635	0.00025254152454255127	0.00026109651996216609
0.00000000002562867885	0.00025468027339745498	0.00030139442887465494	0.00030139442887465494
0.00000000001922150914	0.00030709775915432506	0.00044574183776804763	0.00043053295702218764
0.00000000001441613185	0.00042673073683566784	0.00044193961758152783	0.00219426637837557984
0.00000000001081209889	0.00021711188140763950	0.00110099111657069510	0.00112802912678553304
0.00000000000810907417	0.00067675805506185673	0.00108071260890940223	0.00356982514806091118
0.00000000000608180563	0.00008192183033301158	0.00008192183033301158	0.00012998940404852254
0.00000000000456135422	0.00009393872376199895	0.00303045356774270507	0.00296636346945543033
0.00000000000342101566	0.00115142534550192457	0.00307852114145821610	0.00316397460584124952
0.00000000000256576175	0.00254004414172621321	0.00301443104317094136	0.00312836899568172530
0.00000000000192432131	0.00304291553129869231	0.00436305138189744049	0.00421113411188320848
0.00000000000144324098	0.00447698933440822486	0.00432507206439377255	0.02180469837806187777
0.00000000000108243074	0.00220737054621997523	0.00220737054621997523	0.00220737054621997523
0.00000000000081182305	0.00207233297287396636	0.01521247641541734370	0.03124044881561536049
0.00000000000060886729	0.00359924510765905837	0.01944716741006250610	0.04249006623131439814
0.00000000000045665047	0.00420292579677787950	0.00420292579677787950	0.00420292579677787950
0.00000000000034248785	0.00388283673403171147	0.00452301485952404710	0.00537658569351382766
0.00000000000025686589	0.00388283673403171147	0.00388283673403171147	0.14293134671219481779
0.00000000000019264942	0.03338975635018477661	0.03225166190486507267	0.16350058269010386836
0.00000000000014448706	0.01516893998345101614	0.01668639924387722157	0.24633987256331627003
0.00000000000010836530	0.05008180821487193124	0.05008180821487193124	0.04738410286300333979
0.00000000000008127397	0.04940738187690472960	0.04940738187690472960	0.42179181958281941611
0.00000000000006095548	0.06479547801886814673	0.06839241848802636581	0.07318833911357056077
0.00000000000004571661	0.06479547801886814673	0.24214344201596485484	0.23574888118190592823
0.00000000000003428746	0.16870709157232718911	0.17510165240638622675	0.92476281105176549868
0.00000000000002571559	0.10839054457023032663	0.09986446345815168379	1.36662148781938386222
0.00000000000001928669	0.26107297028651310633	0.46648595127753555989	1.48882865042584500159
0.00000000000001446502	0.01476396038201759596	0.95531460170338045046	1.65177153390112674280
0.00000000000001084877	0.31364805282397656416	1.00000000000000000000	1.00000000000000000000
0.00000000000000813657	0.75153073709863560392	1.00000000000000000000	1.00000000000000000000
0.00000000000000610243	1.00000000000000000000	1.00000000000000000000	1.00000000000000000000
0.00000000000000457682	1.00000000000000000000	1.00000000000000000000	1.00000000000000000000
0.00000000000000343262	1.00000000000000000000	1.00000000000000000000	1.00000000000000000000
0.00000000000000257446	1.00000000000000000000	1.00000000000000000000	1.00000000000000000000
0.00000000000000193085	1.00000000000000000000	1.00000000000000000000	1.00000000000000000000
0.00000000000000144814	1.00000000000000000000	1.00000000000000000000	1.00000000000000000000
0.00000000000000108610	1.00000000000000000000	1.00000000000000000000	1.00000000000000000000
