N	eps_F	eps_C	eps_E
8.00000000000000000000	371.49474835790147153602	5.82247929896404237127	0.85625282785381862105
6.00000000000000000000	66.07146557854819945987	2.33929164232534736456	0.22040436520869652326
4.50000000000000000000	18.78158473249149551521	1.08496369142502890881	0.06206085627931134940
3.37500000000000000000	7.36275074962001152556	0.54695334074925494594	0.01838690059245504452
2.53125000000000000000	3.57055124162472781180	0.28918317408593346984	0.00560625533273744533
1.89843750000000000000	1.98954055070304014485	0.15708158921151085807	0.00173726816630701258
1.42382812500000000000	1.21444439217791422259	0.08663685337352049209	0.00054327406213675186
1.06787109375000000000	0.78783707448881301616	0.04819643265630637469	0.00017076495832235109
0.80090332031250000000	0.53270960666522548799	0.02694204053571534752	0.00005383095623089049
0.60067749023437500000	0.37070840792735054725	0.01510184479469374105	0.00001699695134757864
0.45050811767578125000	0.26326086650353941465	0.00847804511836092699	0.00000537165412986530
0.33788108825683593750	0.18969009010097184764	0.00476361068129090449	0.00000169852747777636
0.25341081619262695312	0.13812217313537614172	0.00267785868525340868	0.00000053725005452300
0.19005811214447021484	0.10134668505809218964	0.00150576661178643419	0.00000016997876857332
0.14254358410835266113	0.07478244043143082720	0.00084682640505697013	0.00000005380104462095
0.10690768808126449585	0.05541073935425093466	0.00047628691045919483	0.00000001704688347183
0.08018076606094837189	0.04118370289133160833	0.00026789462626762768	0.00000000541855954255
0.06013557454571127892	0.03067967301701404748	0.00015068541333379610	0.00000000173945288800
0.04510168090928345919	0.02289372476776864104	0.00008475885273090263	0.00000000057539382218
0.03382626068196259439	0.01710545661711188395	0.00004767630827703241	0.00000000020707929775
0.02536969551147194579	0.01279280178041146410	0.00002681773958099200	0.00000000009055544757
0.01902727163360395934	0.00957426341058018222	0.00001508490939929247	0.00000000005367251351
0.01427045372520296951	0.00716928923533281456	0.00000848522872755564	0.00000000004198963923
0.01070284029390222713	0.00537056310219293474	0.00000477291983266761	0.00000000003832844923
0.00802713022042667035	0.00402432579579583942	0.00000268474971902209	0.00000000003714191118
0.00602034766532000276	0.00301622366312169574	0.00000151015516549564	0.00000000003678994673
0.00451526074899000207	0.00226103210683874798	0.00000084944573002477	0.00000000003708559026
0.00338644556174250155	0.00169513569920406028	0.00000047779695869835	0.00000000003562653164
0.00253983417130687616	0.00127099285823480796	0.00000026874567814669	0.00000000003589195016
0.00190487562848015712	0.00095304282396264949	0.00000015115273323353	0.00000000003440349235
0.00142865672136011784	0.00071466862257981584	0.00000008500669900500	0.00000000003769834864
0.00107149254102008838	0.00053593763538724477	0.00000004779988118774	0.00000000003300983867
0.00080361940576506629	0.00040191732221948949	0.00000002687213070450	0.00000000003658943766
0.00060271455432379971	0.00030141779412627299	0.00000001509656837022	0.00000000003117717912
0.00045203591574284976	0.00022605198048179583	0.00000000847655845306	0.00000000003772345356
0.00033902693680713732	0.00016953258939690849	0.00000000475177322174	0.00000000003743937151
0.00025427020260535298	0.00012714584037258565	0.00000000266327251818	0.00000000004842773126
0.00019070265195401473	0.00009535735220612574	0.00000000147046220180	0.00000000002035216656
0.00014302698896551106	0.00007151686569493628	0.00000000081426124062	0.00000000003873244033
0.00010727024172413330	0.00005363700070874489	0.00000000044088394465	0.00000000000771513994
0.00008045268129309997	0.00004022739281213854	0.00000000021968048378	0.00000000000891257881
0.00006033951096982498	0.00003017032956836542	0.00000000011908669970	0.00000000011084187886
0.00004525463322736874	0.00002262760290483356	0.00000000007072866764	0.00000000001199685102
0.00003394097492052656	0.00001697066298698768	0.00000000001807967532	0.00000000007275622069
0.00002545573119039492	0.00001272793919191399	0.00000000000834722250	0.00000000001699834673
0.00001909179839279619	0.00000954593176093692	0.00000000001916116908	0.00000000004223061348
0.00001431884879459714	0.00000715942889106689	0.00000000002492853018	0.00000000036328049141
0.00001073913659594786	0.00000536947411956184	0.00000000010951643790	0.00000000034161940029
0.00000805435244696089	0.00000402719099460404	0.00000000022230031487	0.00000000040655576707
0.00000604076433522067	0.00000302030349402823	0.00000000020832942393	0.00000000052077904814
0.00000453057325141550	0.00000226531160132739	0.00000000035672975754	0.00000000035672975754
0.00000339792993856163	0.00000169914666862722	0.00000000035672975754	0.00000000042153927838
0.00000254844745392122	0.00000127388196120403	0.00000000030756919370	0.00000000039398216342
0.00000191133559044091	0.00000095601224109752	0.00000000037237887970	0.00000000216239853769
0.00000143350169283069	0.00000071644697807016	0.00000000094846473896	0.00000000094846473896
0.00000107512626962301	0.00000053693865534172	0.00000000094846473896	0.00000000074363414883
0.00000080634470221726	0.00000040410608114595	0.00000000125346315527	0.00000000152657038857
0.00000060475852666295	0.00000030114462017103	0.00000000145829374541	0.00000000145829374541
0.00000045356889499721	0.00000022558492751893	0.00000000127622209138	0.00000000079069795592
0.00000034017667124791	0.00000016902136631578	0.00000000394316224095	0.00000000965151338680
0.00000025513250343593	0.00000012839918081102	0.00000000690020995252	0.00000001295233225501
0.00000019134937757695	0.00000009387302050755	0.00000000755761958372	0.00000000755761958372
0.00000014351203318271	0.00000006682752823680	0.00000000452653645643	0.00000000299204050901
0.00000010763402488703	0.00000004879719994620	0.00000001043479960901	0.00000003048509413904
0.00000008072551866527	0.00000004214771717704	0.00000002127811812418	0.00000003873772607266
0.00000006054413899896	0.00000002509776132481	0.00000000763815370666	0.00000000763815370666
0.00000004540810424922	0.00000001782311355839	0.00000000763815370666	0.00000008935715001078
0.00000003405607818691	0.00000003843461564583	0.00000001903555493538	0.00000001903555493538
0.00000002554205864018	0.00000003520143886076	0.00000004886115755122	0.00000005748296236647
0.00000001915654398014	0.00000005244504849127	0.00000003520143902592	0.00000004669717872454
0.00000001436740798510	0.00000004957111360791	0.00000003807537390928	0.00000005340302684078
0.00000001077555598883	0.00000004957111360791	0.00000011903306863854	0.00000031014121327816
0.00000000808166699162	0.00000001173949811808	0.00000001173949811808	0.00000058774203875818
0.00000000606125024372	0.00000013813088593582	0.00000016160988233714	0.00000016160988233714
0.00000000454593768279	0.00000016160988233714	0.00000023804447552531	0.00000023804447552531
0.00000000340945326209	0.00000026226595174438	0.00000021382299930624	0.00000021382299930624
0.00000000255708994657	0.00000024611830093167	0.00000024611830093167	0.00000164853939563812
0.00000000191781745993	0.00000018448572101601	0.00000067672232271418	0.00000067672232271418
0.00000000143836309494	0.00000047155506909124	0.00000058638280822223	0.00000278189754110671
0.00000000107877232121	0.00000033223910532120	0.00000135190106942585	0.00000313913939651124
0.00000000080907924091	0.00000022914095298287	0.00000201637928006826	0.00000201637928006826
0.00000000060680943068	0.00000097764769727819	0.00000174419500920520	0.00000174419500920520
0.00000000045510707301	0.00000210710737008067	0.00000188492859954943	0.00000827661750512871
0.00000000034133030476	0.00000065545792657881	0.00000065545792657881	0.00000065545792657881
0.00000000025599772857	0.00000065545792657881	0.00000065545792657881	0.00001826974963337540
0.00000000019199829643	0.00000407584396328587	0.00000538675981660866	0.00001869986798699946
0.00000000014399872232	0.00000120838827251384	0.00000120838827251384	0.00000120838827251384
0.00000000010799904174	0.00000120838827251384	0.00000120838827251384	0.00004569044258321146
0.00000000008099928130	0.00000949677964027428	0.00001089401638391102	0.00004348143968069324
0.00000000006074946098	0.00000269984763232262	0.00002720665320319320	0.00004891898528728580
0.00000000004556209573	0.00000636272837838970	0.00002988757566462475	0.00006677990178357895
0.00000000003417157180	0.00000572070630261512	0.00004261303242140415	0.00005550202941456404
0.00000000002562867885	0.00002505420179235496	0.00002505420179235496	0.00003364686645435145
0.00000000001922150914	0.00002290603562677325	0.00007161327565601390	0.00007161327565601390
0.00000000001441613185	0.00006014091582897824	0.00004868402961292788	0.00004868402961292788
0.00000000001081209889	0.00006395987790110514	0.00010407445326818416	0.00030328150108155805
0.00000000000810907417	0.00000223546468066602	0.00022181031021160959	0.00037564508950112540
0.00000000000608180563	0.00008602499209513898	0.00008602499209513898	0.00008602499209513898
0.00000000000456135422	0.00006792028301274470	0.00006792028301274470	0.00011619950723196729
0.00000000000342101566	0.00005585047695798034	0.00005585047695798034	0.00136034010013921553
0.00000000000256576175	0.00023382486835735517	0.00029819716731631861	0.00029819716731631861
0.00000000000192432131	0.00025528230134373139	0.00060301501810916969	0.00060301501810916969
0.00000000000144324098	0.00059860122912475968	0.00059860122912475968	0.00075118741924977124
0.00000000000108243074	0.00056045468159358935	0.00096540721965603083	0.00310355785034257094
0.00000000000081182305	0.00005183404784366090	0.00218609674065562776	0.00378171869534242025
0.00000000000060886729	0.00069414288165599194	0.00228976483634294988	0.00566732241165433803
0.00000000000045665047	0.00030049302434354518	0.00367805059965509856	0.00741364677634111582
0.00000000000034248785	0.00114625011165594656	0.00415847472034213458	0.00480147166967531593
0.00000000000025686589	0.00307524095965532431	0.00399772548300900490	0.00485505474878641409
0.00000000000019264942	0.00378339316656461141	0.00378339316656461141	0.00378339316656461141
0.00000000000014448706	0.00435494601041638233	0.00821921655432011032	0.02531188361831031644
0.00000000000010836530	0.00016355848883749656	0.01660199159747771658	0.03013832985527980374
0.00000000000008127397	0.00593300517891352016	0.00593300517891352016	0.05638742342476317504
0.00000000000006095548	0.00829231004583879695	0.00829231004583879695	0.07118881628928518113
0.00000000000004571661	0.01157797153794219713	0.01157797153794219713	0.09439686357555655827
0.00000000000003428746	0.01732425622028477968	0.03566316133646459802	0.04208587861607053504
0.00000000000002571559	0.03016969077949665720	0.03659240805910259769	0.15180729880933946374
0.00000000000001928669	0.01050751865800779103	0.07512871173673857372	0.15323456931591844521
0.00000000000001446502	0.01803789147357443695	0.01803789147357443695	0.01803789147357443695
0.00000000000001084877	0.01042578210515256523	0.02565000084199631214	0.42092708210542206793
0.00000000000000813657	0.09614374905275414884	0.12714479242095494405	0.10007951466656600514
0.00000000000000610243	0.13391111185955223428	0.16380694343872673202	0.19989398044457859505
0.00000000000000457682	0.15478518418726364136	0.20608518587125626564	0.85246789963373525989
0.00000000000000343262	0.05855308550499174758	0.05855308550499174758	1.35285102850166394362
0.00000000000000257446	0.29429794299667211277	0.41140411400665577446	1.47046803800221859149
0.00000000000000193085	0.05906392399556270600	0.88187215200887458799	1.62729071733629160335
0.00000000000000144814	0.25458143467258304016	1.00000000000000000000	1.00000000000000000000
0.00000000000000108610	0.67277524623011075722	1.00000000000000000000	1.00000000000000000000
